
The output of the code will be:

size = 6.00000000
length = 7.00000000
height = 3.00000000
