Input: 3 4 11 59; Output: 1.0537984812988246
Input: 364 364 2 0; Output: 363.99999999999994
Input: 797 797 0 0; Output: 0.0
Input: 920 200 7 50; Output: 854.9131415994393
Input: 1 2 9 49; Output: 1.0000761509721723
Input: 889 464 0 1; Output: 429.44510652313227
Input: 918 368 6 42; Output: 743.6053633668596
Input: 3 4 10 40; Output: 4.564257194330056
Input: 249 677 2 24; Output: 645.0939128642154
Input: 243 290 9 36; Output: 315.58856888803007
Input: 445 501 5 8; Output: 756.2604978347354
Input: 3 4 9 0; Output: 5.0
Input: 7 5 3 55; Output: 11.53418402865595
Input: 858 203 11 21; Output: 1031.7246287426224
Input: 310 941 4 28; Output: 705.6230576022426
Input: 132 496 2 10; Output: 364.6838102426189
Input: 273 577 1 36; Output: 845.9406459264028
Input: 1 1 2 11; Output: 0.008726618569492613
Input: 889 464 0 0; Output: 425.0
Input: 1000 1000 6 1; Output: 1997.696772969901
Input: 911 311 0 30; Output: 1214.0741913326758
Input: 114 514 6 0; Output: 628.0
Input: 7 5 7 5; Output: 11.997223658444067
Input: 132 496 1 51; Output: 554.211155946456
Input: 550 58 0 20; Output: 572.4376692218792
Input: 173 682 0 59; Output: 550.4039724624294
Input: 944 305 10 32; Output: 1142.8764769364163
Input: 1000 1000 2 11; Output: 8.726618569492604
Input: 938 88 3 15; Output: 850.8303889292627
Input: 219 852 8 46; Output: 640.5103252124084