Input: 2 100 105; Output: 110
120
140
180
260
420
740
1380
2660
5220
Input: 4 49 188; Output: 703
2763
11003
43963
175803
703163
2812603
11250363
45001403
180005563
Input: 2 1 2; Output: 3
5
9
17
33
65
129
257
513
1025
Input: 3 1 2; Output: 5
14
41
122
365
1094
3281
9842
29525
88574
Input: 4 40 60; Output: 200
760
3000
11960
47800
191160
764600
3058360
12233400
48933560
Input: 2 10 20; Output: 30
50
90
170
330
650
1290
2570
5130
10250
Input: 5 1 200; Output: 999
4994
24969
124844
624219
3121094
15605469
78027344
390136719
1950683594