Input: -354684803 189801569 -204491568 -49687658; Output: 72530051511241104
Input: -843699349 23704508 150490716 451258008; Output: 10696849060700064
Input: -253230108 363756450 712662868 735867677; Output: 267676613855266650
Input: -755145846 24348124 -746539379 -659350911; Output: 563746110927269634
Input: -312878779 162236012 -792284106 985596747; Output: 247888883706386574
Input: 418379342 802780784 -790013317 -445130206; Output: -186233282690604452
Input: -683353808 -213997410 -571777587 -61852025; Output: 390726391405501296
Input: 193944314 586260100 -192321079 95834122; Output: 56183721947132200
Input: -92666141 476202375 -538469829 -472991684; Output: 49897921098359889
Input: -863506681 840536237 963681985 993512613; Output: 835083353143057281
Input: -829185026 624171807 -491315185 -76203556; Output: 407391194448419810
Input: -598010065 -465145922 -158023424 602706043; Output: 94499598057762560
Input: -188416496 190264522 -608951448 948721140; Output: 180507974213395080
Input: 301010289 333073561 -656212366 367300984; Output: 122338246699684024
Input: -1000000000 0 -1000000000 0; Output: 1000000000000000000
Input: -830616793 295573252 -866099730 417150783; Output: 719396980150765890
Input: 480168068 949600446 -943297310 943054987; Output: 895525436257724202
Input: 3 5 -4 -2; Output: -6
Input: 0 0 0 0; Output: 0
Input: 345857912 943663440 422714686 620866679; Output: 585889186086515760
Input: -825875044 460288500 -885851531 604521872; Output: 731602672142092364
Input: 441246334 688112139 -238981406 20932413; Output: 14403847483861407
Input: -910805388 -6344404 430910689 796838524; Output: -2733871498934356
Input: -1000000000 1000000000 -1000000000 1000000000; Output: 1000000000000000000
Input: -534147774 -19423407 -421882880 569507294; Output: 225347801240709120
Input: -92331626 762048217 -531035458 649799919; Output: 495178869680694423
Input: 1 2 1 1; Output: 2
Input: -70392634 105017235 -389887454 200591969; Output: 27445204850613836
Input: 641492705 966540578 201963120 803809041; Output: 776914055089765698
Input: -840249197 853829789 -751917965 470958158; Output: 631798466301124105
Input: -68926616 696880327 -192280079 404308132; Output: 281754383236919164
Input: -954807376 -2893215 -48361341 -20129935; Output: 46175765100051216
Input: -282419706 -96208532 -579622190 115341625; Output: 163696728490876140
Input: -477104372 -381646699 -939378260 508013173; Output: 448181474807752720
Input: -722939615 772574465 -239946253 858030632; Output: 662892556471011880