Input: 1 1 10 100 50 50; Output: 50  
Input: 5 5 1 3 5 5; Output: 1  1  1  1  1  
Input: 3 3 1 5 14 14; Output: 5  5  4  
Input: 1 1 1 1 1 1; Output: 1  
Input: 1 1 1 100 50 50; Output: 50  
Input: 3 3 1 3 9 9; Output: 3  3  3  
Input: 5 5 1 5 5 5; Output: 1  1  1  1  1  
Input: 5 3 1 3 15 9; Output: 3  3  3  3  3  
Input: 2 1 1 1000 683 550; Output: 550  133  
Input: 2 2 500 1000 1000 1000; Output: 500  500  
Input: 50 25 1000 1000 50000 25000; Output: 1000  1000  1000  1000  1000  1000  1000  1000  1000  1000  1000  1000  1000  1000  1000  1000  1000  1000  1000  1000  1000  1000  1000  1000  1000  1000  1000  1000  1000  1000  1000  1000  1000  1000  1000  1000  1000  1000  1000  1000  1000  1000  1000  1000  1000  1000  1000  1000  1000  1000  
Input: 3 2 1 1000 1816 1652; Output: 826  826  164  
Input: 1 1 1 1000 656 656; Output: 656  
Input: 1 1 1 10 10 10; Output: 10  
Input: 2 2 2 2 4 4; Output: 2  2  
Input: 1 1 1000 1000 1000 1000; Output: 1000  
Input: 50 25 1 1 50 25; Output: 1  1  1  1  1  1  1  1  1  1  1  1  1  1  1  1  1  1  1  1  1  1  1  1  1  1  1  1  1  1  1  1  1  1  1  1  1  1  1  1  1  1  1  1  1  1  1  1  1  1  