Input: 4 5 2 3; Output: 1
4 3
Input: 20 10 1 8; Output: 33
9 8
10 8
10 9
11 8
11 9
11 10
12 8
12 9
12 10
13 8
13 9
13 10
14 8
14 9
14 10
15 8
15 9
15 10
16 8
16 9
16 10
17 8
17 9
17 10
18 8
18 9
18 10
19 8
19 9
19 10
20 8
20 9
20 10
Input: 10 10 1 1; Output: 45
2 1
3 1
3 2
4 1
4 2
4 3
5 1
5 2
5 3
5 4
6 1
6 2
6 3
6 4
6 5
7 1
7 2
7 3
7 4
7 5
7 6
8 1
8 2
8 3
8 4
8 5
8 6
8 7
9 1
9 2
9 3
9 4
9 5
9 6
9 7
9 8
10 1
10 2
10 3
10 4
10 5
10 6
10 7
10 8
10 9
Input: 5 5 3 2; Output: 6
3 2
4 2
4 3
5 2
5 3
5 4
Input: 10 10 1 1; Output: 45
2 1
3 1
3 2
4 1
4 2
4 3
5 1
5 2
5 3
5 4
6 1
6 2
6 3
6 4
6 5
7 1
7 2
7 3
7 4
7 5
7 6
8 1
8 2
8 3
8 4
8 5
8 6
8 7
9 1
9 2
9 3
9 4
9 5
9 6
9 7
9 8
10 1
10 2
10 3
10 4
10 5
10 6
10 7
10 8
10 9
Input: 9 7 4 7; Output: 2
8 7
9 7
Input: 2 4 2 2; Output: 0
Input: 10 6 3 4; Output: 15
5 4
6 4
6 5
7 4
7 5
7 6
8 4
8 5
8 6
9 4
9 5
9 6
10 4
10 5
10 6
Input: 100 90 100 83; Output: 8
100 83
100 84
100 85
100 86
100 87
100 88
100 89
100 90
Input: 70 80 30 80; Output: 0
Input: 3 2 1 1; Output: 3
2 1
3 1
3 2
Input: 10 20 4 6; Output: 10
7 6
8 6
8 7
9 6
9 7
9 8
10 6
10 7
10 8
10 9
Input: 1 1 1 1; Output: 0