Input: 4 6 20 201; Output: 15
Input: 2 3 6 18; Output: 3
Input: 819 1000 9532 152901000; Output: 186
Input: 1000 1000 1 32323; Output: 32
Input: 1 1 1000 100000; Output: 99001
Input: 1 1 1 1000000000; Output: 1000000000
Input: 1 1 1 1; Output: 1
Input: 165 255 69696 1000000000; Output: 356482
Input: 2 1 1 2000000000; Output: 1000000000
Input: 2 2 1 2000000000; Output: 1000000000
Input: 555 777 1 1000000; Output: 257
Input: 2 1 1 1000000000; Output: 500000000
Input: 2 3 1 1000000000; Output: 166666666
Input: 101 171 1 1000000000; Output: 57900
Input: 45 125 93451125 100000000; Output: 5821
Input: 555 777 666013 1000000000; Output: 257229
Input: 819 1000 10000 1000000; Output: 1
Input: 1 2 1 2000000000; Output: 1000000000
Input: 1 2 2 1000003; Output: 500001
Input: 3 3 3 7; Output: 2
Input: 3 2 5 5; Output: 0
Input: 15 27 100 10000; Output: 74
Input: 1 1 1000000000 2000000000; Output: 1000000001
Input: 3 2 1 2000000000; Output: 333333333
Input: 2 3 7 7; Output: 0
Input: 321 123 15 1000000; Output: 75
Input: 3 7 1 1000000000; Output: 47619047
Input: 2 3 1 2000000000; Output: 333333333
Input: 10 15 69 195610342; Output: 6520342
Input: 1000 1000 1 20; Output: 0
Input: 23 46 123321 900000000; Output: 19562537
Input: 1 1 2 2000000000; Output: 1999999999
Input: 1 1 1 2000000000; Output: 2000000000
Input: 1 1 2000000000 2000000000; Output: 1
Input: 105 60 3456 78910; Output: 179