Input: 12 4; Output: 3 3 3 3 
Input: 100 1; Output: 100 
Input: 2 1; Output: 2 
Input: 97 11; Output: 9 9 9 9 9 9 9 9 9 8 8 
Input: 87 34; Output: 3 3 3 3 3 3 3 3 3 3 3 3 3 3 3 3 3 3 3 2 2 2 2 2 2 2 2 2 2 2 2 2 2 2 
Input: 100 100; Output: 1 1 1 1 1 1 1 1 1 1 1 1 1 1 1 1 1 1 1 1 1 1 1 1 1 1 1 1 1 1 1 1 1 1 1 1 1 1 1 1 1 1 1 1 1 1 1 1 1 1 1 1 1 1 1 1 1 1 1 1 1 1 1 1 1 1 1 1 1 1 1 1 1 1 1 1 1 1 1 1 1 1 1 1 1 1 1 1 1 1 1 1 1 1 1 1 1 1 1 1 
Input: 100 51; Output: 2 2 2 2 2 2 2 2 2 2 2 2 2 2 2 2 2 2 2 2 2 2 2 2 2 2 2 2 2 2 2 2 2 2 2 2 2 2 2 2 2 2 2 2 2 2 2 2 2 1 1 
Input: 88 5; Output: 18 18 18 17 17 
Input: 100 99; Output: 2 1 1 1 1 1 1 1 1 1 1 1 1 1 1 1 1 1 1 1 1 1 1 1 1 1 1 1 1 1 1 1 1 1 1 1 1 1 1 1 1 1 1 1 1 1 1 1 1 1 1 1 1 1 1 1 1 1 1 1 1 1 1 1 1 1 1 1 1 1 1 1 1 1 1 1 1 1 1 1 1 1 1 1 1 1 1 1 1 1 1 1 1 1 1 1 1 1 1 
Input: 99 10; Output: 10 10 10 10 10 10 10 10 10 9 
Input: 64 8; Output: 8 8 8 8 8 8 8 8 
Input: 100 13; Output: 8 8 8 8 8 8 8 8 8 7 7 7 7 
Input: 18 8; Output: 3 3 2 2 2 2 2 2 
Input: 1 1; Output: 1 
Input: 81 27; Output: 3 3 3 3 3 3 3 3 3 3 3 3 3 3 3 3 3 3 3 3 3 3 3 3 3 3 3 
Input: 15 6; Output: 3 3 3 2 2 2 
Input: 100 49; Output: 3 3 2 2 2 2 2 2 2 2 2 2 2 2 2 2 2 2 2 2 2 2 2 2 2 2 2 2 2 2 2 2 2 2 2 2 2 2 2 2 2 2 2 2 2 2 2 2 2 
Input: 19 3; Output: 7 6 6 
Input: 97 55; Output: 2 2 2 2 2 2 2 2 2 2 2 2 2 2 2 2 2 2 2 2 2 2 2 2 2 2 2 2 2 2 2 2 2 2 2 2 2 2 2 2 2 2 1 1 1 1 1 1 1 1 1 1 1 1 1 
Input: 100 10; Output: 10 10 10 10 10 10 10 10 10 10 