Input: 12; Output: 1 144
2 143
3 142
4 141
5 140
6 139
7 138
8 137
9 136
10 135
11 134
12 133
13 132
14 131
15 130
16 129
17 128
18 127
19 126
20 125
21 124
22 123
23 122
24 121
25 120
26 119
27 118
28 117
29 116
30 115
31 114
32 113
33 112
34 111
35 110
36 109
37 108
38 107
39 106
40 105
41 104
42 103
43 102
44 101
45 100
46 99
47 98
48 97
49 96
50 95
51 94
52 93
53 92
54 91
55 90
56 89
57 88
58 87
59 86
60 85
61 84
62 83
63 82
64 81
65 80
66 79
67 78
68 77
69 76
70 75
71 74
72 73
Input: 2; Output: 1 4
2 3
Input: 6; Output: 1 36
2 35
3 34
4 33
5 32
6 31
7 30
8 29
9 28
10 27
11 26
12 25
13 24
14 23
15 22
16 21
17 20
18 19
Input: 4; Output: 1 16
2 15
3 14
4 13
5 12
6 11
7 10
8 9
Input: 8; Output: 1 64
2 63
3 62
4 61
5 60
6 59
7 58
8 57
9 56
10 55
11 54
12 53
13 52
14 51
15 50
16 49
17 48
18 47
19 46
20 45
21 44
22 43
23 42
24 41
25 40
26 39
27 38
28 37
29 36
30 35
31 34
32 33
Input: 10; Output: 1 100
2 99
3 98
4 97
5 96
6 95
7 94
8 93
9 92
10 91
11 90
12 89
13 88
14 87
15 86
16 85
17 84
18 83
19 82
20 81
21 80
22 79
23 78
24 77
25 76
26 75
27 74
28 73
29 72
30 71
31 70
32 69
33 68
34 67
35 66
36 65
37 64
38 63
39 62
40 61
41 60
42 59
43 58
44 57
45 56
46 55
47 54
48 53
49 52
50 51